54305
61360
1660
73781
36698
5414
31198
71823
8809
15436
41067
52643
32534
97721
49944
72844
6347
67943
43377
32924
46625
49589
15937
27884
74253
6784
48817
8228
5902
42416
13919
5657
50600
22229
47885
13771
37076
16321
15291
67095
28846
73132
24584
14699
74596
46655
45197
55606
36539
38768
66667
70456
6569
19045
32336
69783
76897
43158
70476
48821
39179
30424
93328
38766
67172
63138
3000
91653
46053
11474
81615
89823
37103
10820
33079
66278
90196
88250
40757
29651
8454
9804
4401
93033
39945
1953
23436
82650
58852
16328
59101
62638
11225
86993
83355
34629
34603
61018
50162
50410
77156
57437
40632
79817
83591
29124
83007
10108
43898
58351
9103
99310
25990
30093
98154
37801
30539
91978
69418
84156
62422
10705
6441
64899
35265
40911
54972
87633
22208
45527
77646
94561
85204
17857
22338
95579
93145
3912
70129
28297
39349
73438
51904
15779
76475
57796
19824
57001
31547
33236
50954
22069
51478
13935
25754
30533
3538
10191
63921
81062
44518
13130
14403
96783
23248
96982
40152
10818
59366
12338
89215
53927
97882
67947
72761
90393
56481
80601
75496
47913
46751
37018
63230
98892
87724
34321
35160
18077
4077
43396
96067
95097
72941
52904
62870
66969
26905
22324
87535
61702
99034
63295
27512
58989
63889
78729
95947
36448
23644
32732
25594
2496
90029
19596
71060
50991
90599
7756
43489
43815
81732
23582
60072
74845
56986
5957
60191
2886
4210
43469
78420
53978
57180
77837
55991
21229
6354
86850
41573
79640
51949
43
71509
64764
72466
6152
57842
20226
15749
82831
36669
32838
3482
48160
62165
19717
81407
77086
53750
43078
15713
92576
94012
91981
21671
83854
71148
62393
13266
11231
58122
70148
58193
89656
72955
23341
2960
69821
69229
3341
31502
34904
34840
39145
58255
9028
94964
18888
60679
67871
97243
15144
63655
48759
27970
38196
62652
90982
86307
74212
96439
99914
4053
88499
91460
92061
55212
22728
8154
20022
60780
23888
13408
49051
22166
61229
98338
15583
11735
92669
65142
39792
29772
20226
32479
44719
16640
23447
50735
85526
65394
67528
82607
5020
27193
83245
68264
13704
58621
97671
86814
5098
9695
96885
92029
30411
79760
18800
65649
61154
20251
25907
73964
91289
87364
16498
88072
14521
70786
43158
15501
38189
32348
38343
32116
86966
65907
25697
94844
10093
89777
20334
62407
92542
42719
50616
58095
12175
96253
55573
40620
10892
69606
65907
9302
79037
36828
32108
63766
77424
99152
33475
37756
49619
23489
79332
80092
94480
21253
23742
43137
54637
7139
11367
28364
11005
99640
14670
77307
22951
69664
64150
33886
2659
40162
40988
19699
33919
93271
95473
19176
40458
87453
42039
12393
97155
56658
40810
29754
96060
61182
81626
20056
1331
63282
54178
62610
88297
96921
62269
34928
98771
88591
35388
46944
36572
24983
32016
84511
65619
102
53854
53696
22319
38321
54501
25844
71863
65002
79022
83405
25686
74921
15276
51210
53845
68288
78279
74524
75330
96722
29822
49715
21964
6838
57860
49224
78851
21722
14620
56305
97449
62787
94160
64634
35606
16843
21917
40423
78433
42207
17640
96115
38486
65197
57026
61784
53518
51832
75323